index,Year,PDSI_Apr,PDSI_May,PDSI_Jun,PDSI_Jul,PDSI_Aug,PDSI_Sep,dry season mean
0,1990,-3.81,-2.71,-2.85,-2.83,-2.54,-2.36,-2.8499999999999996
1,1991,-2.77,-2.35,-1.95,-1.43,-1.3,-1.43,-1.8716666666666668
2,1992,-2.34,-2.77,-2.93,-2.99,-2.86,-3.04,-2.8216666666666668
3,1993,2.46,2.68,3.06,3.02,2.89,-0.39,2.2866666666666666
4,1994,-2.89,-2.2,-2.04,-2.22,-2.41,-2.33,-2.348333333333333
5,1995,4.79,5.12,5.76,6.26,5.71,4.73,5.3950000000000005
6,1996,2.15,2.84,3.08,2.88,2.16,1.74,2.475
7,1997,-2.25,-2.77,-3.03,-3.08,-2.86,0.45,-2.2566666666666664
8,1998,4.09,5.5,6.04,7.17,6.6,6.23,5.938333333333333
9,1999,0.47,0.22,0.31,0.5,0.52,-0.28,0.29
10,2000,-0.56,-0.42,-0.44,-0.8,-0.79,-0.83,-0.64
11,2001,-1.99,-2.36,-2.66,-2.79,-2.89,-2.82,-2.5850000000000004
12,2002,-2.68,-2.58,-2.76,-3.07,-3.28,-3.37,-2.9566666666666666
13,2003,1.4,1.53,1.53,-0.19,-0.01,-0.4,0.6433333333333333
14,2004,-1.7,-2.15,-2.8,-3.26,-3.23,-3.26,-2.733333333333333
15,2005,2.09,3.17,3.83,4.58,4.08,3.55,3.5500000000000003
16,2006,4.61,-0.05,-0.14,-0.68,-1.1,-1.44,0.2000000000000001
17,2007,-3.65,-3.88,-4.28,-4.47,-4.42,-3.92,-4.103333333333333
18,2008,-3.53,-3.6,-3.98,-4.22,-4.2,-4.29,-3.9699999999999993
19,2009,-4.2,-3.67,-3.39,-3.27,-3.28,-3.43,-3.5399999999999996
20,2010,1.22,1.5,1.93,1.94,1.53,1.04,1.5266666666666666
21,2011,2.47,2.82,3.42,3.84,3.5,-0.21,2.64
22,2012,-1.74,-1.96,-1.86,-1.74,-1.58,-1.89,-1.7950000000000002
23,2013,-2.83,-2.98,-3.28,-3.51,-3.23,-2.61,-3.0733333333333337
24,2014,-5.53,-6.05,-6.77,-7.01,-6.35,-5.53,-6.206666666666667
25,2015,-5.53,-5.11,-5.13,-4.85,-4.75,-4.48,-4.975
26,2016,-2.1,-1.89,-1.88,-2.3,-2.55,-2.7,-2.2366666666666664
27,2017,0.48,-0.22,-0.26,-0.75,-0.98,-0.96,-0.4483333333333333
28,2018,-2.63,-2.42,-2.29,-2.41,-2.71,-2.93,-2.565
29,2019,1.67,2.76,2.98,-0.11,-0.35,-0.17,1.1300000000000001
30,2020,-2.16,-1.67,-1.48,-1.63,-1.9,-2.27,-1.8516666666666666
